A=[-0.5 0.4 0 0.5 ;
    0.5 -0.7 0.5 0;
    0 0.3 -1 0.3;
    1 1 1 1 ];
B =[0; 0; 0; 1];

Probestacionaria = A\B

A=[-0.3 1 -0.3 0 ;
    0 -0.5 0.8 0;
    -0.4 0 -0.5 0.5;
    1 1 1 1 ];
B =[0; 0; 0; 1];

Probestacionaria2 = A\B
